 3.15723   0            0
 3.19834   0.000513674  0.000111505
 3.23944   0.00198714   0.000428069
 3.28054   0.00432607   0.000924846
 3.32165   0.00744474   0.00157952
 3.36275   0.0112652    0.00237206
 3.40386   0.0157167    0.00328447
 3.44496   0.0207345    0.00430057
 3.48606   0.02626      0.00540587
 3.52717   0.0322397    0.00658732
 3.56827   0.0386249    0.00783322
 3.60937   0.045371     0.00913307
 3.65048   0.0524377    0.0104775
 3.69158   0.0597879    0.0118579
 3.73269   0.067388     0.0132669
 3.77379   0.0752073    0.0146977
 3.81489   0.0832177    0.0161441
 3.856     0.0913937    0.0176008
 3.8971    0.0997119    0.0190629
 3.93821   0.108151     0.0205262
 3.97931   0.116692     0.0219869
 4.02041   0.125316     0.0234414
 4.06152   0.134009     0.0248868
 4.10262   0.142754     0.0263205
 4.14373   0.151539     0.0277401
 4.18483   0.160352     0.0291436
 4.22593   0.169181     0.0305291
 4.26704   0.178016     0.0318952
 4.30814   0.186848     0.0332403
 4.34925   0.19567      0.0345635
 4.39035   0.204472     0.0358636
 4.43145   0.213249     0.0371399
 4.47256   0.221994     0.0383917
 4.51366   0.230702     0.0396184
 4.55477   0.239368     0.0408196
 4.59587   0.247986     0.0419948
 4.63697   0.256554     0.0431439
 4.67808   0.265068     0.0442666
 4.71918   0.273523     0.045363
 4.76028   0.281918     0.0464328
 4.80139   0.29025      0.0474762
 4.84249   0.298516     0.0484932
 4.8836    0.306715     0.049484
 4.9247    0.314844     0.0504486
 4.9658    0.322903     0.0513874
 5.00691   0.33089      0.0523006
 5.04801   0.338804     0.0531883
 5.08912   0.346644     0.0540509
 5.13022   0.35441      0.0548888
 5.17132   0.3621       0.0557021
 5.21243   0.369715     0.0564914
 5.25353   0.377254     0.0572569
 5.29464   0.384716     0.057999
 5.33574   0.392102     0.058718
 5.37684   0.399413     0.0594145
 5.41795   0.406647     0.0600887
 5.45905   0.413805     0.0607411
 5.50016   0.420887     0.0613721
 5.54126   0.427894     0.061982
 5.58236   0.434826     0.0625713
 5.62347   0.441683     0.0631404
 5.66457   0.448466     0.0636897
 5.70568   0.455175     0.0642196
 5.74678   0.461812     0.0647306
 5.78788   0.468376     0.0652229
 5.82899   0.474868     0.065697
 5.87009   0.481289     0.0661533
 5.91119   0.48764      0.0665922
 5.9523    0.49392      0.0670141
 5.9934    0.500132     0.0674193
 6.03451   0.506276     0.0678082
 6.07561   0.512352     0.0681813
 6.11671   0.518361     0.0685388
 6.15782   0.524304     0.0688812
 6.19892   0.530182     0.0692087
 6.24003   0.535995     0.0695218
 6.28113   0.541745     0.0698207
 6.32223   0.547432     0.0701059
 6.36334   0.553057     0.0703775
 6.40444   0.558621     0.0706361
 6.44555   0.564124     0.0708818
 6.48665   0.569568     0.0711151
 6.52775   0.574954     0.0713361
 6.56886   0.580281     0.0715452
 6.60996   0.585551     0.0717428
 6.65107   0.590765     0.071929
 6.69217   0.595923     0.0721042
 6.73327   0.601027     0.0722686
 6.77438   0.606076     0.0724226
 6.81548   0.611073     0.0725663
 6.85659   0.616017     0.0727001
 6.89769   0.620909     0.0728241
 6.93879   0.625751     0.0729387
 6.9799    0.630542     0.0730441
 7.021     0.635284     0.0731405
 7.0621    0.639978     0.0732282
 7.10321   0.644624     0.0733073
 7.14431   0.649222     0.0733781
 7.18542   0.653774     0.0734409
 7.22652   0.658281     0.0734958
 7.26762   0.662742     0.073543
 7.30873   0.667159     0.0735827
 7.34983   0.671533     0.0736152
 7.39094   0.675863     0.0736406
 7.43204   0.680151     0.0736591
 7.47314   0.684398     0.0736709
 7.51425   0.688604     0.0736762
 7.55535   0.692769     0.0736751
 7.59646   0.696895     0.0736678
 7.63756   0.700982     0.0736546
 7.67866   0.70503      0.0736355
 7.71977   0.70904      0.0736106
 7.76087   0.713013     0.0735803
 7.80198   0.71695      0.0735446
 7.84308   0.72085      0.0735036
 7.88418   0.724716     0.0734575
 7.92529   0.728546     0.0734065
 7.96639   0.732342     0.0733506
 8.0075    0.736104     0.0732901
 8.0486    0.739832     0.073225
 8.0897    0.743529     0.0731555
 8.13081   0.747193     0.0730817
 8.17191   0.750825     0.0730037
 8.21301   0.754426     0.0729217
 8.25412   0.757997     0.0728357
 8.29522   0.761538     0.0727458
 8.33633   0.765048     0.0726523
 8.37743   0.76853      0.0725551
 8.41853   0.771983     0.0724544
 8.45964   0.775408     0.0723504
 8.50074   0.778806     0.072243
 8.54185   0.782176     0.0721323
 8.58295   0.785519     0.0720186
 8.62405   0.788836     0.0719018
 8.66516   0.792127     0.0717821
 8.70626   0.795392     0.0716596
 8.74737   0.798633     0.0715343
 8.78847   0.801849     0.0714063
 8.82957   0.80504      0.0712757
 8.87068   0.808208     0.0711426
 8.91178   0.811353     0.0710071
 8.95289   0.814474     0.0708692
 8.99399   0.817573     0.070729
 9.03509   0.820649     0.0705866
 9.0762    0.823704     0.070442
 9.1173    0.826738     0.0702954
 9.15841   0.82975      0.0701468
 9.19951   0.832741     0.0699962
 9.24061   0.835712     0.0698437
 9.28172   0.838664     0.0696894
 9.32282   0.841595     0.0695333
 9.36392   0.844507     0.0693756
 9.40503   0.847401     0.0692162
 9.44613   0.850275     0.0690552
 9.48724   0.853131     0.0688927
 9.52834   0.85597      0.0687287
 9.56944   0.85879      0.0685633
 9.61055   0.861594     0.0683965
 9.65165   0.86438      0.0682283
 9.69276   0.86715      0.0680589
 9.73386   0.869903     0.0678883
 9.77496   0.87264      0.0677165
 9.81607   0.875362     0.0675435
 9.85717   0.878067     0.0673695
 9.89828   0.880758     0.0671944
 9.93938   0.883434     0.0670183
 9.98048   0.886095     0.0668412
10.0216    0.888742     0.0666632
10.0627    0.891375     0.0664843
10.1038    0.893994     0.0663046
10.1449    0.896599     0.066124
10.186     0.899191     0.0659427
10.2271    0.901771     0.0657606
10.2682    0.904337     0.0655778
10.3093    0.906891     0.0653943
10.3504    0.909433     0.0652102
10.3915    0.911963     0.0650254
10.4326    0.914481     0.0648401
10.4737    0.916988     0.0646543
10.5148    0.919484     0.0644679
10.5559    0.921968     0.064281
10.597     0.924442     0.0640937
10.6381    0.926905     0.0639059
10.6793    0.929359     0.0637177
10.7204    0.931802     0.0635291
10.7615    0.934235     0.0633402
10.8026    0.936659     0.0631509
10.8437    0.939073     0.0629614
10.8848    0.941479     0.0627715
10.9259    0.943875     0.0625814
10.967     0.946263     0.0623911
11.0081    0.948643     0.0622005
11.0492    0.951014     0.0620097
11.0903    0.953377     0.0618188
11.1314    0.955732     0.0616277
11.1725    0.95808      0.0614365
11.2136    0.960421     0.0612451
11.2547    0.962754     0.0610537
11.2958    0.96508      0.0608622
11.3369    0.9674       0.0606706
11.378     0.969713     0.060479
11.4191    0.97202      0.0602874
11.4602    0.97432      0.0600958
11.5013    0.976615     0.0599041
11.5424    0.978903     0.0597126
11.5835    0.981187     0.059521
11.6246    0.983465     0.0593295
11.6657    0.985737     0.0591381
11.7068    0.988005     0.0589468
11.748     0.990268     0.0587556
11.7891    0.992527     0.0585645
11.8302    0.994781     0.0583735
11.8713    0.99703      0.0581827
11.9124    0.999276     0.057992
11.9535    1.00152      0.0578015
11.9946    1.00376      0.0576112
12.0357    1.00599      0.0574211
12.0768    1.00822      0.0572312
12.1179    1.01045      0.0570415
12.159     1.01268      0.0568521
12.2001    1.0149       0.0566629
12.2412    1.01712      0.0564739
12.2823    1.01934      0.0562852
12.3234    1.02155      0.0560968
12.3645    1.02377      0.0559087
12.4056    1.02598      0.0557209
12.4467    1.02819      0.0555334
12.4878    1.0304       0.0553462
12.5289    1.03261      0.0551593
12.57      1.03481      0.0549728
12.6111    1.03702      0.0547866
12.6522    1.03922      0.0546008
12.6933    1.04143      0.0544153
12.7344    1.04363      0.0542302
12.7756    1.04583      0.0540455
12.8167    1.04804      0.0538612
12.8578    1.05024      0.0536773
12.8989    1.05245      0.0534937
12.94      1.05465      0.0533107
12.9811    1.05686      0.053128
13.0222    1.05906      0.0529457
13.0633    1.06127      0.0527639
13.1044    1.06348      0.0525826
13.1455    1.06569      0.0524017
13.1866    1.0679       0.0522213
13.2277    1.07011      0.0520413
13.2688    1.07233      0.0518618
13.3099    1.07454      0.0516828
13.351     1.07676      0.0515043
13.3921    1.07899      0.0513263
13.4332    1.08121      0.0511488
13.4743    1.08344      0.0509718
13.5154    1.08567      0.0507954
13.5565    1.0879       0.0506194
13.5976    1.09014      0.050444
13.6387    1.09238      0.0502692
13.6798    1.09463      0.0500948
13.7209    1.09688      0.0499211
13.762     1.09913      0.0497479
13.8031    1.10139      0.0495753
13.8443    1.10365      0.0494032
13.8854    1.10592      0.0492317
13.9265    1.10819      0.0490609
13.9676    1.11047      0.0488906
14.0087    1.11275      0.0487209
14.0498    1.11504      0.0485518
14.0909    1.11733      0.0483834
14.132     1.11963      0.0482155
14.1731    1.12194      0.0480483
14.2142    1.12425      0.0478818
14.2553    1.12657      0.0477158
14.2964    1.12889      0.0475506
14.3375    1.13123      0.047386
14.3786    1.13357      0.047222
14.4197    1.13592      0.0470587
14.4608    1.13827      0.0468961
14.5019    1.14063      0.0467342
14.543     1.14301      0.046573
14.5841    1.14539      0.0464125
14.6252    1.14777      0.0462526
14.6663    1.15017      0.0460935
14.7074    1.15258      0.0459351
14.7485    1.15499      0.0457775
14.7896    1.15742      0.0456206
14.8307    1.15985      0.0454644
14.8719    1.1623       0.045309
14.913     1.16476      0.0451543
14.9541    1.16722      0.0450005
14.9952    1.1697       0.0448474
15.0363    1.17219      0.044695
15.0774    1.17469      0.0445435
15.1185    1.1772       0.0443928
15.1596    1.17972      0.0442429
15.2007    1.18225      0.0440938
15.2418    1.1848       0.0439455
15.2829    1.18736      0.0437981
15.324     1.18993      0.0436515
15.3651    1.19252      0.0435058
15.4062    1.19512      0.043361
15.4473    1.19773      0.043217
15.4884    1.20036      0.0430739
15.5295    1.203        0.0429318
15.5706    1.20566      0.0427905
15.6117    1.20833      0.0426502
15.6528    1.21102      0.0425108
15.6939    1.21372      0.0423723
15.735     1.21644      0.0422348
15.7761    1.21918      0.0420982
15.8172    1.22193      0.0419627
15.8583    1.2247       0.0418281
15.8994    1.22748      0.0416945
15.9406    1.23029      0.041562
15.9817    1.23311      0.0414304
16.0228    1.23595      0.0413
16.0639    1.23881      0.0411705
16.105     1.24169      0.0410422
16.1461    1.24459      0.0409149
16.1872    1.24751      0.0407888
16.2283    1.25045      0.0406637
16.2694    1.25341      0.0405398
16.3105    1.2564       0.040417
16.3516    1.2594       0.0402954
16.3927    1.26243      0.040175
16.4338    1.26548      0.0400558
16.4749    1.26855      0.0399378
16.516     1.27164      0.039821
16.5571    1.27476      0.0397055
16.5982    1.27791      0.0395913
16.6393    1.28108      0.0394783
16.6804    1.28427      0.0393667
16.7215    1.28749      0.0392564
16.7626    1.29074      0.0391474
16.8037    1.29402      0.0390399
16.8448    1.29732      0.0389337
16.8859    1.30065      0.0388289
16.927     1.30401      0.0387256
16.9682    1.3074       0.0386237
17.0093    1.31082      0.0385234
17.0504    1.31427      0.0384245
17.0915    1.31775      0.0383272
17.1326    1.32127      0.0382315
17.1737    1.32481      0.0381373
17.2148    1.32839      0.0380448
17.2559    1.33201      0.0379539
17.297     1.33566      0.0378647
17.3381    1.33934      0.0377772
17.3792    1.34306      0.0376915
17.4203    1.34682      0.0376075
17.4614    1.35061      0.0375254
17.5025    1.35445      0.0374451
17.5436    1.35832      0.0373666
17.5847    1.36223      0.0372901
17.6258    1.36619      0.0372155
17.6669    1.37018      0.0371429
17.708     1.37422      0.0370723
17.7491    1.3783       0.0370038
17.7902    1.38243      0.0369374
17.8313    1.38661      0.0368731
17.8724    1.39083      0.036811
17.9135    1.39509      0.0367511
17.9546    1.39941      0.0366935
17.9958    1.40378      0.0366383
18.0369    1.4082       0.0365854
18.078     1.41267      0.0365349
18.1191    1.41719      0.0364869
18.1602    1.42177      0.0364414
18.2013    1.4264       0.0363985
18.2424    1.43109      0.0363582
18.2835    1.43584      0.0363206
18.3246    1.44065      0.0362857
18.3657    1.44552      0.0362537
18.4068    1.45046      0.0362245
18.4479    1.45545      0.0361982
18.489     1.46052      0.036175
18.5301    1.46565      0.0361548
18.5712    1.47085      0.0361377
18.6123    1.47612      0.0361238
18.6534    1.48146      0.0361132
18.6945    1.48688      0.036106
18.7356    1.49237      0.0361022
18.7767    1.49795      0.0361019
18.8178    1.5036       0.0361052
18.8589    1.50933      0.0361122
18.9       1.51515      0.0361229
18.9411    1.52105      0.0361375
18.9822    1.52705      0.0361561
19.0233    1.53313      0.0361787
19.0645    1.53931      0.0362054
19.1056    1.54558      0.0362365
19.1467    1.55195      0.0362718
19.1878    1.55843      0.0363117
19.2289    1.565        0.0363561
19.27      1.57169      0.0364052
19.3111    1.57848      0.0364592
19.3522    1.58539      0.0365181
19.3933    1.59241      0.0365821
19.4344    1.59955      0.0366513
19.4755    1.60682      0.0367259
19.5166    1.61421      0.0368059
19.5577    1.62173      0.0368917
19.5988    1.62939      0.0369832
19.6399    1.63718      0.0370807
19.681     1.64512      0.0371843
19.7221    1.6532       0.0372943
19.7632    1.66143      0.0374107
19.8043    1.66983      0.0375339
19.8454    1.67838      0.0376638
19.8865    1.68709      0.0378009
19.9276    1.69598      0.0379453
19.9687    1.70505      0.0380971
20.0098    1.7143       0.0382567
20.0509    1.72374      0.0384243
20.0921    1.73337      0.0386001
20.1332    1.74321      0.0387843
20.1743    1.75325      0.0389774
20.2154    1.76351      0.0391794
20.2565    1.774        0.0393908
20.2976    1.78471      0.0396118
20.3387    1.79567      0.0398427
20.3798    1.80688      0.040084
20.4209    1.81834      0.0403358
20.462     1.83007      0.0405987
20.5031    1.84209      0.040873
20.5442    1.85439      0.0411592
20.5853    1.86699      0.0414575
20.6264    1.8799       0.0417685
20.6675    1.89314      0.0420927
20.7086    1.90671      0.0424305
20.7497    1.92064      0.0427826
20.7908    1.93493      0.0431493
20.8319    1.94961      0.0435314
20.873     1.96468      0.0439294
20.9141    1.98017      0.044344
20.9552    1.99609      0.0447758
20.9963    2.01247      0.0452257
21.0374    2.02932      0.0456943
21.0785    2.04667      0.0461826
21.1196    2.06454      0.0466913
21.1608    2.08295      0.0472214
21.2019    2.10194      0.0477739
21.243     2.12152      0.0483498
21.2841    2.14173      0.0489503
21.3252    2.1626       0.0495766
21.3663    2.18417      0.0502299
21.4074    2.20647      0.0509116
21.4485    2.22955      0.0516232
21.4896    2.25344      0.0523662
21.5307    2.27819      0.0531424
21.5718    2.30384      0.0539536
21.6129    2.33046      0.0548017
21.654     2.3581       0.0556888
21.6951    2.38683      0.0566173
21.7362    2.41669      0.0575896
21.7773    2.44778      0.0586085
21.8184    2.48017      0.0596767
21.8595    2.51394      0.0607975
21.9006    2.54919      0.0619744
21.9417    2.58602      0.0632111
21.9828    2.62454      0.0645118
22.0239    2.66488      0.0658809
22.065     2.70716      0.0673235
22.1061    2.75154      0.068845
22.1472    2.79818      0.0704514
22.1884    2.84726      0.0721495
22.2295    2.89898      0.0739466
22.2706    2.95357      0.075851
22.3117    3.01128      0.0778719
22.3528    3.07238      0.0800196
22.3939    3.13719      0.0823056
22.435     3.20606      0.0847429
22.4761    3.27941      0.0873463
22.5172    3.35767      0.0901324
22.5583    3.44138      0.0931203
22.5994    3.53112      0.0963318
22.6405    3.6276       0.0997918
22.6816    3.7316       0.103529
22.7227    3.84404      0.107578
22.7638    3.96603      0.111978
22.8049    4.09883      0.116774
22.846     4.24396      0.122022
22.8871    4.40325      0.127787
22.9282    4.5789       0.134148
22.9693    4.77357      0.1412
23.0104    4.99056      0.149061
23.0515    5.23398      0.157877
23.0926    5.50899      0.167828
23.1337    5.82221      0.179149
23.1748    6.18223      0.192139
23.2159    6.60046      0.207192
23.2571    7.0923       0.224839
23.2982    7.67915      0.245807
23.3393    8.39158      0.271124
23.3804    9.27483      0.30229
23.4215   10.3989       0.341583
23.4626   11.878        0.392634
23.5037   13.9123       0.461606
23.5448   16.8869       0.559832
23.5859   21.6507       0.71056
23.627    30.514        0.969291
23.6681   52.7708       1.49403
